[VEKTORIA]
fVersion=15.00000
[M]
bSwitchTick=1
bSwitchDraw=1
eKindSub=0
acName=No
eTranparencyKind=N
mColor=1.000000,0.000000,0.000000,0.000000,0.000000,1.000000,0.000000,0.000000,0.000000,0.000000,1.000000,0.000000,0.000000,0.000000,0.000000,1.000000
colorDiffuse=0.000000,0.000000,0.000000,0.000000
colorAmbient=0.000000,0.000000,0.000000,0.000000
colorSpecular=0.000000,0.000000,0.000000,0.000000
colorSSS=0.000000,0.000000,0.000000,0.000000
fDiffuseSharpness=1.300000
fSpecularSharpness=25.000000
fBumpStrength=1.000000
fHeightStrength=1.000000
fSpecularStrength=1.000000
fGlowStrength=1.000000
fGlowSharpness=1.000000
fFresnel=0.000000
fRefractionRatio=0.752000
frTransparency=0.000000
fAbsoluteThickness=1.000000
fBRDFReflectance=1.000000
fRimLightStr=1.000000
fEnvironmentInt=1.000000
fRoughness=0.200000
fIOR=0.040000
fSpecular=0.500000
fSpecularTint=0.000000
fMetallic=0.000000
fSubsurface=0.000000
fAnistropic=0.000000
fSheen=0.000000
fSheenTint=0.000000
fClearCoat=0.000000
fClearCoatGloss=1.000000
iFlagsDiffuse=1
iFlagsGlow=2
iFlagsSpecular=1
iFlagsBump=0
iFlagsEnvironment=1
iFlagsPOM=0
iFlagsSSS=0
iFlagsReflectionMap=0
bShading=1
bAni=0
bBot=1
ixPics=12
iyPics=1
fFps=0.000000
eTextureAddressMode=W
bDiffuse=1
bBump=0
bGlow=0
bSpecular=1
bEnvironment=1
bPOM=0
bThickness=0

idDiffuse=182
frFresnel=0.300000
[T182]
bSwitchTick=1
bSwitchDraw=1
eKindSub=0
acName=No
eKindTexture=D
pimage=1
idI=181
[I181]
bSwitchTick=1
bSwitchDraw=1
eKindSub=0
acName=No
acPath=.\..\..\Lib\Materials\EqualizerRed\EqualizerRedD.png

idSpecular=184
[T184]
bSwitchTick=1
bSwitchDraw=1
eKindSub=0
acName=No
eKindTexture=S
pimage=1
idI=183
[I183]
bSwitchTick=1
bSwitchDraw=1
eKindSub=0
acName=No
acPath=.\..\..\Lib\Materials\EqualizerRed\EqualizerRedS.jpg

idEnvironment=186
[T186]
bSwitchTick=1
bSwitchDraw=1
eKindSub=0
acName=No
eKindTexture=E
pimage=1
idI=185
[I185]
bSwitchTick=1
bSwitchDraw=1
eKindSub=0
acName=No
acPath=textures\ENV.jpg

