[VEKTORIA]
fVersion=15.000000
[M]
bSwitchTick=1
bSwitchDraw=1
eKindSub=0
acName=MEyeAlien
eTranparencyKind=N
mColor=1.000000,0.000000,0.000000,0.000000,0.000000,1.000000,0.000000,0.000000,0.000000,0.000000,1.000000,0.000000,0.000000,0.000000,0.000000,1.000000
colorSSS=0.000000,0.000000,0.000000,0.000000
fGlowSharpness=1.000000
fDiffuseSharpness=0.000000
fSpecularSharpness=25.000000
fHazeStrength=0.000000
fBumpStrength=0.000000
fHeightStrength=0.000000
fGlowStrength=0.000000
fSpecularStrength=0.000000
frFresnel=0.000000
fRefractionRatio=0.752000
frTransparency=0.000000
frTransparencyEdge=340282346638528859811704183484516925440.000000
bDistributed=1
fAbsoluteThickness=1.000000
fBRDFReflectance=1.000000
fRimLightStr=1.000000
fEnvironmentInt=1.000000
fRoughness=0.200000
fIOR=0.040000
fSpecular=0.500000
fSpecularTint=0.000000
fMetallic=0.000000
fSubsurface=0.000000
fAnistropic=0.000000
fSheen=0.000000
fSheenTint=0.000000
fClearCoat=0.000000
fClearCoatGloss=1.000000
iFlagsDiffuse=1
iFlagsGlow=0
iFlagsSpecular=1
iFlagsBump=0
iFlagsEnvironment=1
iFlagsPOM=0
iFlagsSSS=0
iFlagsReflectionMap=0
iFlagsPosprocessing=1
bShading=1
bAni=0
bBot=0
ixPics=1
iyPics=1
fFps=0.000000
eTextureAddressMode=W
bDiffuse=1
bBump=0
bGlow=0
bSpecular=1
bEnvironment=1
bHeight=0
bThickness=0
idDiffuse=683
idSpecular=685
idEnvironment=687
iEmitters=0
[T683]
bSwitchTick=1
bSwitchDraw=1
eKindSub=0
acName=MEyeAlienD
eKindTexture=D
pimage=1
idI=684
[I684]
bSwitchTick=1
bSwitchDraw=1
eKindSub=0
acName=IEyeAlienD
acPath=.\..\..\Lib\Materials\EyeAlien\EyeAlienD.jpg
[T685]
bSwitchTick=1
bSwitchDraw=1
eKindSub=0
acName=TEyeAlienS
eKindTexture=S
pimage=1
idI=686
[I686]
bSwitchTick=1
bSwitchDraw=1
eKindSub=0
acName=IEyeAlienS
acPath=.\..\..\Lib\Materials\EyeAlien\EyeAlienS.jpg
[T687]
bSwitchTick=1
bSwitchDraw=1
eKindSub=0
acName=TEyeAlienE
eKindTexture=E
pimage=1
idI=688
[I688]
bSwitchTick=1
bSwitchDraw=1
eKindSub=0
acName=IEyeAlienE
acPath=textures\ENV.jpg
