[VEKTORIA]
fVersion=15.000000
[M]
bSwitchTick=1
bSwitchDraw=1
eKindSub=0
acName=MTestUVBoundaries
eTranparencyKind=N
mColor=1.000000,0.000000,0.000000,0.000000,0.000000,1.000000,0.000000,0.000000,0.000000,0.000000,1.000000,0.000000,0.000000,0.000000,0.000000,1.000000
colorSSS=0.000000,0.000000,0.000000,0.000000
fGlowSharpness=1.000000
fDiffuseSharpness=0.000000
fSpecularSharpness=25.000000
fHazeStrength=0.000000
fBumpStrength=0.000000
fHeightStrength=0.000000
fGlowStrength=0.000000
fSpecularStrength=0.000000
frFresnel=0.000000
fRefractionRatio=0.752000
frTransparency=0.000000
frTransparencyEdge=340282346638528859811704183484516925440.000000
bDistributed=1
fAbsoluteThickness=1.000000
fBRDFReflectance=1.000000
fRimLightStr=1.000000
fEnvironmentInt=1.000000
fRoughness=0.200000
fIOR=0.040000
fSpecular=0.500000
fSpecularTint=0.000000
fMetallic=0.000000
fSubsurface=0.000000
fAnistropic=0.000000
fSheen=0.000000
fSheenTint=0.000000
fClearCoat=0.000000
fClearCoatGloss=1.000000
iFlagsDiffuse=1
iFlagsGlow=0
iFlagsSpecular=1
iFlagsBump=0
iFlagsEnvironment=1
iFlagsPOM=0
iFlagsSSS=0
iFlagsReflectionMap=0
iFlagsPosprocessing=1
bShading=1
bAni=0
bBot=0
ixPics=1
iyPics=1
fFps=0.000000
eTextureAddressMode=W
bDiffuse=0
bBump=0
bGlow=0
bSpecular=1
bEnvironment=1
bHeight=0
bThickness=0
idSpecular=583
idEnvironment=585
iEmitters=0
[T583]
bSwitchTick=1
bSwitchDraw=1
eKindSub=0
acName=TTestUVBoundariesS
eKindTexture=S
pimage=1
idI=584
[I584]
bSwitchTick=1
bSwitchDraw=1
eKindSub=0
acName=ITestUVBoundariesS
acPath=.\..\..\Lib\Materials\MetalAlu\MetalAluS.jpg
[T585]
bSwitchTick=1
bSwitchDraw=1
eKindSub=0
acName=TTestUVBoundariesE
eKindTexture=E
pimage=1
idI=586
[I586]
bSwitchTick=1
bSwitchDraw=1
eKindSub=0
acName=ITestUVBoundariesE
acPath=textures\ENVG1.jpg
