[VEKTORIA]
fVersion=15.000000
[M]
bSwitchTick=1
bSwitchDraw=1
eKindSub=0
acName=MWater
eTranparencyKind=N
mColor=1.000000,0.000000,0.000000,0.000000,0.000000,1.000000,0.000000,0.000000,0.000000,0.000000,1.000000,0.000000,0.000000,0.000000,0.000000,1.000000
colorSSS=0.000000,0.000000,0.000000,0.000000
fGlowSharpness=0.000000
fDiffuseSharpness=1.300000
fSpecularSharpness=25.000000
fHazeStrength=0.000000
fBumpStrength=0.030000
fHeightStrength=1.000000
fGlowStrength=0.000000
fSpecularStrength=0.000000
frFresnel=0.990000
fRefractionRatio=0.752000
frTransparency=0.000000
frTransparencyEdge=340282346638528859811704183484516925440.000000
bDistributed=1
fAbsoluteThickness=1.000000
fBRDFReflectance=1.000000
fRimLightStr=1.000000
fEnvironmentInt=1.000000
fRoughness=0.200000
fIOR=0.040000
fSpecular=0.500000
fSpecularTint=0.000000
fMetallic=0.000000
fSubsurface=0.000000
fAnistropic=0.000000
fSheen=0.000000
fSheenTint=0.000000
fClearCoat=0.000000
fClearCoatGloss=1.000000
iFlagsDiffuse=1
iFlagsGlow=0
iFlagsSpecular=1
iFlagsBump=1
iFlagsEnvironment=1
iFlagsPOM=2
iFlagsSSS=0
iFlagsReflectionMap=0
iFlagsPosprocessing=1
bShading=1
bAni=1
bBot=0
ixPics=8
iyPics=8
fFps=15.000000
eTextureAddressMode=W
bDiffuse=0
bBump=1
bGlow=0
bSpecular=1
bEnvironment=1
bHeight=0
bThickness=0
idBump=443
idSpecular=445
idEnvironment=447
iEmitters=0
[T443]
bSwitchTick=1
bSwitchDraw=1
eKindSub=0
acName=
eKindTexture=B
pimage=1
idI=444
[I444]
bSwitchTick=1
bSwitchDraw=1
eKindSub=0
acName=
acPath=.\..\..\Lib\Materials\Water\WaterB.jpg
[T445]
bSwitchTick=1
bSwitchDraw=1
eKindSub=0
acName=
eKindTexture=S
pimage=1
idI=446
[I446]
bSwitchTick=1
bSwitchDraw=1
eKindSub=0
acName=
acPath=.\..\..\Lib\Materials\Water\WaterS.jpg
[T447]
bSwitchTick=1
bSwitchDraw=1
eKindSub=0
acName=
eKindTexture=E
pimage=1
idI=448
[I448]
bSwitchTick=1
bSwitchDraw=1
eKindSub=0
acName=
acPath=textures\ENV.jpg
