[VEKTORIA]
fVersion=15.000000
[M]
bSwitchTick=1
bSwitchDraw=1
eKindSub=0
acName=MSuede
eTranparencyKind=N
mColor=1.000000,0.000000,0.000000,0.000000,0.000000,1.000000,0.000000,0.000000,0.000000,0.000000,1.000000,0.000000,0.000000,0.000000,0.000000,1.000000
colorSSS=0.000000,0.000000,0.000000,0.000000
fGlowSharpness=1.000000
fDiffuseSharpness=0.000000
fSpecularSharpness=25.000000
fHazeStrength=0.000000
fBumpStrength=0.000000
fHeightStrength=0.000000
fGlowStrength=0.000000
fSpecularStrength=0.000000
frFresnel=0.000000
fRefractionRatio=0.752000
frTransparency=0.000000
frTransparencyEdge=340282346638528859811704183484516925440.000000
bDistributed=1
fAbsoluteThickness=1.000000
fBRDFReflectance=1.000000
fRimLightStr=1.000000
fEnvironmentInt=1.000000
fRoughness=0.200000
fIOR=0.040000
fSpecular=0.500000
fSpecularTint=0.000000
fMetallic=0.000000
fSubsurface=0.000000
fAnistropic=0.000000
fSheen=0.000000
fSheenTint=0.000000
fClearCoat=0.000000
fClearCoatGloss=1.000000
iFlagsDiffuse=1
iFlagsGlow=0
iFlagsSpecular=2
iFlagsBump=1
iFlagsEnvironment=0
iFlagsPOM=1
iFlagsSSS=0
iFlagsReflectionMap=0
iFlagsPosprocessing=1
bShading=1
bAni=0
bBot=0
ixPics=1
iyPics=1
fFps=0.000000
eTextureAddressMode=W
bDiffuse=1
bBump=1
bGlow=0
bSpecular=0
bEnvironment=0
bHeight=1
bThickness=0
idDiffuse=523
idBump=525
idHeight=527
iEmitters=0
[T523]
bSwitchTick=1
bSwitchDraw=1
eKindSub=0
acName=MSuedeD
eKindTexture=D
pimage=1
idI=524
[I524]
bSwitchTick=1
bSwitchDraw=1
eKindSub=0
acName=ISuedeD
acPath=.\..\..\Lib\Materials\Suede\SuedeD.jpg
[T525]
bSwitchTick=1
bSwitchDraw=1
eKindSub=0
acName=TSuedeB
eKindTexture=B
pimage=1
idI=526
[I526]
bSwitchTick=1
bSwitchDraw=1
eKindSub=0
acName=ISuedeB
acPath=.\..\..\Lib\Materials\Suede\SuedeB.jpg
[T527]
bSwitchTick=1
bSwitchDraw=1
eKindSub=0
acName=TSuedeH
eKindTexture=H
pimage=1
idI=528
[I528]
bSwitchTick=1
bSwitchDraw=1
eKindSub=0
acName=ISuedeH
acPath=.\..\..\Lib\Materials\Suede\SuedeH.jpg
