[VEKTORIA]
fVersion=15.00000
[M]
bSwitchTick=1
bSwitchDraw=1
eKindSub=0
acName=MWallFachwerk
eTranparencyKind=N
mColor=1.000000,0.000000,0.000000,0.000000,0.000000,1.000000,0.000000,0.000000,0.000000,0.000000,1.000000,0.000000,0.000000,0.000000,0.000000,1.000000
colorSSS=0.000000,0.000000,0.000000,0.000000
fGlowSharpness=1.000000
fDiffuseSharpness=1.000000
fSpecularSharpness=25.000000
fHazeStrength=1.000000
fBumpStrength=1.000000
fHeightStrength=1.000000
fGlowStrength=1.000000
fSpecularStrength=1.000000
frFresnel=0.000000
fRefractionRatio=0.752000
frTransparency=0.000000
frTransparencyEdge=340282346638528859811704183484516925440.000000
bDistributed=1
fAbsoluteThickness=1.000000
fBRDFReflectance=1.000000
fRimLightStr=1.000000
fEnvironmentInt=1.000000
fRoughness=0.200000
fIOR=0.040000
fSpecular=0.500000
fSpecularTint=0.000000
fMetallic=0.000000
fSubsurface=0.000000
fAnistropic=0.000000
fSheen=0.000000
fSheenTint=0.000000
fClearCoat=0.000000
fClearCoatGloss=1.000000
iFlagsDiffuse=1
iFlagsGlow=0
iFlagsSpecular=2
iFlagsBump=1
iFlagsEnvironment=0
iFlagsPOM=1
iFlagsSSS=0
iFlagsReflectionMap=0
iFlagsPosprocessing=1
bShading=1
bAni=0
bBot=0
ixPics=0
iyPics=0
fFps=0.000000
eTextureAddressMode=W
bDiffuse=1
bBump=1
bGlow=0
bSpecular=0
bEnvironment=0
bHeight=1
bThickness=0
idDiffuse=2241
idBump=2243
idHeight=2245
iEmitters=0
[T2241]
bSwitchTick=1
bSwitchDraw=1
eKindSub=0
acName=
eKindTexture=D
pimage=1
idI=2240
[I2240]
bSwitchTick=1
bSwitchDraw=1
eKindSub=0
acName=
acPath=.\..\..\Lib\Materials\WallFachwerk\WallFachwerkD.jpg
[T2243]
bSwitchTick=1
bSwitchDraw=1
eKindSub=0
acName=
eKindTexture=B
pimage=1
idI=2242
[I2242]
bSwitchTick=1
bSwitchDraw=1
eKindSub=0
acName=
acPath=.\..\..\Lib\Materials\WallFachwerk\WallFachwerkB.jpg
[T2245]
bSwitchTick=1
bSwitchDraw=1
eKindSub=0
acName=
eKindTexture=H
pimage=1
idI=2244
[I2244]
bSwitchTick=1
bSwitchDraw=1
eKindSub=0
acName=
acPath=.\..\..\Lib\Materials\WallFachwerk\WallFachwerkH.jpg
