[VEKTORIA]
fVersion=15.000000
[M]
bSwitchTick=1
bSwitchDraw=1
eKindSub=0
acName=MShowerhead
eTranparencyKind=N
mColor=1.000000,0.000000,0.000000,0.000000,0.000000,1.000000,0.000000,0.000000,0.000000,0.000000,1.000000,0.000000,0.000000,0.000000,0.000000,1.000000
colorSSS=0.000000,0.000000,0.000000,0.000000
fGlowSharpness=1.000000
fDiffuseSharpness=1.000000
fSpecularSharpness=25.000000
fHazeStrength=1.000000
fBumpStrength=1.000000
fHeightStrength=1.000000
fGlowStrength=1.000000
fSpecularStrength=1.000000
frFresnel=0.000000
fRefractionRatio=0.752000
frTransparency=0.000000
frTransparencyEdge=340282346638528859811704183484516925440.000000
bDistributed=1
fAbsoluteThickness=1.000000
fBRDFReflectance=1.000000
fRimLightStr=1.000000
fEnvironmentInt=1.000000
fRoughness=0.200000
fIOR=0.040000
fSpecular=0.500000
fSpecularTint=0.000000
fMetallic=0.000000
fSubsurface=0.000000
fAnistropic=0.000000
fSheen=0.000000
fSheenTint=0.000000
fClearCoat=0.000000
fClearCoatGloss=1.000000
iFlagsDiffuse=1
iFlagsGlow=0
iFlagsSpecular=1
iFlagsBump=1
iFlagsEnvironment=1
iFlagsPOM=1
iFlagsSSS=0
iFlagsReflectionMap=0
iFlagsPosprocessing=1
bShading=1
bAni=0
bBot=0
ixPics=1
iyPics=1
fFps=20.000000
eTextureAddressMode=W
bDiffuse=1
bBump=1
bGlow=0
bSpecular=1
bEnvironment=1
bHeight=1
bThickness=0
idDiffuse=175
idBump=179
idSpecular=177
idEnvironment=183
idHeight=181
iEmitters=1
idEmitter0=23
[T175]
bSwitchTick=1
bSwitchDraw=1
eKindSub=0
acName=
eKindTexture=D
pimage=1
idI=174
[I174]
bSwitchTick=1
bSwitchDraw=1
eKindSub=0
acName=
acPath=.\..\..\Lib\Materials\Showerhead\ShowerheadD.jpg
[T179]
bSwitchTick=1
bSwitchDraw=1
eKindSub=0
acName=
eKindTexture=B
pimage=1
idI=178
[I178]
bSwitchTick=1
bSwitchDraw=1
eKindSub=0
acName=
acPath=.\..\..\Lib\Materials\Showerhead\ShowerheadB.jpg
[T177]
bSwitchTick=1
bSwitchDraw=1
eKindSub=0
acName=
eKindTexture=S
pimage=1
idI=176
[I176]
bSwitchTick=1
bSwitchDraw=1
eKindSub=0
acName=
acPath=.\..\..\Lib\Materials\Showerhead\ShowerheadS.jpg
[T183]
bSwitchTick=1
bSwitchDraw=1
eKindSub=0
acName=
eKindTexture=E
pimage=1
idI=182
[I182]
bSwitchTick=1
bSwitchDraw=1
eKindSub=0
acName=
acPath=textures//ENVG1.jpg
[T181]
bSwitchTick=1
bSwitchDraw=1
eKindSub=0
acName=
eKindTexture=H
pimage=1
idI=180
[I180]
bSwitchTick=1
bSwitchDraw=1
eKindSub=0
acName=
acPath=.\..\..\Lib\Materials\Showerhead\ShowerheadH.jpg
[E23]
bSwitchTick=1
bSwitchDraw=1
eKindSub=0
acName=EDrops
bFixed=0
bAABBOn=1
bDependent=0
fRadius=0.000000
fRate=300.000000
fRateMinLower=0.000000
fRateMinUpper=0.000000
fRateMaxLower=340282346638528859811704183484516925440.000000
fRateMaxUpper=340282346638528859811704183484516925440.000000
bHasRateLimits=0
frRateVolatility=0.000000
fVelocity=10.000000
frVelocityVolatility=1.000000
fAngularVelocity=0.000000
frAngularVelocityVolatility=0.000000
frTransparency=0.100000
bScalingAnimation=0
frScalingAnimation=1.000000
fTimeToWait=0.000000
fTimeToCome=0.100000
fTimeToStay=1.000000
fTimeToFade=0.500000
fTimeDeltaLower=340282346638528859811704183484516925440.000000
fTimeDeltaUpper=340282346638528859811704183484516925440.000000
bFrustumCulling=0
bFrustumCullingEntry=0
bBVHExactCalculation=0
bBVHExactCalculationEntry=0
bHasPlacement=1
idPlacement=27
iEmitters=0
iPlacements=0
iToggles=0
[P27]
bSwitchTick=1
bSwitchDraw=1
eKindSub=0
acName=PDrops
bFixed=0
bAABBOn=1
bHasPhysics=1
bSolid=1
fCW=0.029000
fMass=0.010000
fCharge=0.000000
fSpecificWeight=340282346638528859811704183484516925440.000000
mInertiaTensor=1.000000,0.000000,0.000000,0.000000,0.000000,1.000000,0.000000,0.000000,0.000000,0.000000,1.000000,0.000000,0.000000,0.000000,0.000000,1.000000
bIndependent=0
mLocal=1.000000,0.000000,0.000000,0.000000,0.000000,1.000000,0.000000,0.000000,0.000000,0.000000,1.000000,0.000000,0.000000,0.000000,0.000000,1.000000
bBVHExactCalculation=0
bBVHExactCalculationEntry=0
bFrustumCulling=0
bFrustumCullingEntry=0
bFixedDistance=0
fDistanceToCameraSquare=0.000000
bStereoscopic=0
fEyeDistance=0.000000
fFocusDistance=0.000000
bBillboard=0
eBillboardType=1
bBillboardModification=0
bAppendage=0
faBillboard=0.000000
fxBillboardScale=1.000000
fyBillboardScale=1.000000
mBillboardModification=1.000000,0.000000,0.000000,0.000000,0.000000,1.000000,0.000000,0.000000,0.000000,0.000000,1.000000,0.000000,0.000000,0.000000,0.000000,1.000000
bPointing=0
bTransparent=1
bStateSorted=0
fDistFarSquare=-431602080.000000
fDistNearSquare=-431602080.000000
bLoD=0
bSky=0
fTranslationSensitivity=0.500000
fRotationSensitivity=0.230000
m_aabbMoveMin=-340282346638528859811704183484516925440.000000,-340282346638528859811704183484516925440.000000,-340282346638528859811704183484516925440.000000,1.000000
m_aabbMoveMax=340282346638528859811704183484516925440.000000,340282346638528859811704183484516925440.000000,340282346638528859811704183484516925440.000000,1.000000
faPanAzimuth=0.000000
fPanRadius=3.000000
faPanAltitude=0.000000
faLeftRight=0.000000
faUpDown=0.000000
iPlacements=0
iCameras=0
iGeos=1
idGeo0=28
eGeoKind0=72
iLightRadials=0
iLightSpots=0
iAudios=0
iWribels=0
iEmitters=0
[G28]
bSwitchTick=1
bSwitchDraw=1
eKindSub=5
acName=GDrops
bFixed=0
bAABBOn=1
iIndices=50
i0=0
i1=1
i2=6
i3=7
i4=12
i5=13
i6=18
i7=19
i8=24
i9=25
i10=26
i11=25
i12=20
i13=19
i14=14
i15=13
i16=8
i17=7
i18=2
i19=1
i20=2
i21=3
i22=8
i23=9
i24=14
i25=15
i26=20
i27=21
i28=26
i29=27
i30=28
i31=27
i32=22
i33=21
i34=16
i35=15
i36=10
i37=9
i38=4
i39=3
i40=4
i41=5
i42=10
i43=11
i44=16
i45=17
i46=22
i47=23
i48=28
i49=29
iVertices=30
x0=-0.000000,-0.020000,-0.000000;-0.000000,-1.000000,-0.000000;1.000000,0.000000,0.000000;0.000000,0.000000,1.000000;0.000000,1.000000
x1=-0.000000,-0.020000,-0.000000;-0.000000,-1.000000,-0.000000;0.309017,0.000000,-0.951057;0.951057,0.000000,0.309017;0.200000,1.000000
x2=-0.000000,-0.020000,0.000000;-0.000000,-1.000000,0.000000;-0.809017,0.000000,-0.587785;0.587785,0.000000,-0.809017;0.400000,1.000000
x3=0.000000,-0.020000,0.000000;0.000000,-1.000000,0.000000;-0.809017,-0.000000,0.587785;-0.587785,0.000000,-0.809017;0.600000,1.000000
x4=0.000000,-0.020000,-0.000000;0.000000,-1.000000,-0.000000;0.309017,-0.000000,0.951056;-0.951056,0.000000,0.309017;0.800000,1.000000
x5=-0.000000,-0.020000,-0.000000;-0.000000,-1.000000,-0.000000;1.000000,0.000000,-0.000000;0.000000,0.000000,1.000000;1.000000,1.000000
x6=0.000000,-0.014142,0.014142;0.000000,-0.707107,0.707107;1.000000,0.000000,0.000000;-0.000000,0.707107,0.707107;0.000000,0.750000
x7=0.013450,-0.014142,0.004370;0.672499,-0.707107,0.218508;0.309017,0.000000,-0.951057;0.672499,0.707107,0.218508;0.200000,0.750000
x8=0.008313,-0.014142,-0.011441;0.415627,-0.707107,-0.572061;-0.809017,-0.000000,-0.587785;0.415627,0.707107,-0.572061;0.400000,0.750000
x9=-0.008313,-0.014142,-0.011441;-0.415627,-0.707107,-0.572061;-0.809017,0.000000,0.587785;-0.415627,0.707107,-0.572061;0.600000,0.750000
x10=-0.013450,-0.014142,0.004370;-0.672499,-0.707107,0.218508;0.309017,0.000000,0.951056;-0.672499,0.707107,0.218508;0.800000,0.750000
x11=0.000000,-0.014142,0.014142;0.000000,-0.707107,0.707107;1.000000,0.000000,-0.000000;0.000000,0.707107,0.707107;1.000000,0.750000
x12=0.000000,0.000000,0.020000;0.000000,0.000000,1.000000;1.000000,0.000000,-0.000000;-0.000000,1.000000,0.000000;0.000000,0.500000
x13=0.019021,0.000000,0.006180;0.951057,0.000000,0.309017;0.309017,0.000000,-0.951057;-0.000000,1.000000,0.000000;0.200000,0.500000
x14=0.011756,0.000000,-0.016180;0.587785,0.000000,-0.809017;-0.809017,-0.000000,-0.587785;-0.000000,1.000000,0.000000;0.400000,0.500000
x15=-0.011756,0.000000,-0.016180;-0.587785,0.000000,-0.809017;-0.809017,0.000000,0.587785;0.000000,1.000000,0.000000;0.600000,0.500000
x16=-0.019021,0.000000,0.006180;-0.951056,0.000000,0.309017;0.309017,0.000000,0.951056;0.000000,1.000000,-0.000000;0.800000,0.500000
x17=0.000000,0.000000,0.020000;0.000000,0.000000,1.000000;1.000000,0.000000,-0.000000;-0.000000,1.000000,0.000000;1.000000,0.500000
x18=0.000000,0.014142,0.014142;0.000000,0.707107,0.707107;1.000000,0.000000,-0.000000;-0.000000,0.707107,-0.707107;0.000000,0.250000
x19=0.013450,0.014142,0.004370;0.672499,0.707107,0.218508;0.309017,0.000000,-0.951056;-0.672498,0.707107,-0.218508;0.200000,0.250000
x20=0.008313,0.014142,-0.011441;0.415627,0.707107,-0.572062;-0.809017,-0.000000,-0.587785;-0.415627,0.707107,0.572061;0.400000,0.250000
x21=-0.008313,0.014142,-0.011441;-0.415627,0.707107,-0.572061;-0.809017,0.000000,0.587785;0.415627,0.707107,0.572061;0.600000,0.250000
x22=-0.013450,0.014142,0.004370;-0.672499,0.707107,0.218508;0.309017,0.000000,0.951056;0.672498,0.707107,-0.218508;0.800000,0.250000
x23=0.000000,0.014142,0.014142;0.000000,0.707107,0.707107;1.000000,0.000000,-0.000000;-0.000000,0.707107,-0.707107;1.000000,0.250000
x24=-0.000000,0.020000,-0.000000;-0.000000,1.000000,-0.000000;-1.000000,0.000000,0.000000;0.000000,0.000000,1.000000;0.000000,0.000000
x25=-0.000000,0.020000,-0.000000;-0.000000,1.000000,-0.000000;-0.309017,0.000000,0.951057;0.951057,0.000000,0.309017;0.200000,0.000000
x26=-0.000000,0.020000,0.000000;-0.000000,1.000000,0.000000;0.809017,0.000000,0.587785;0.587785,0.000000,-0.809017;0.400000,0.000000
x27=0.000000,0.020000,0.000000;0.000000,1.000000,0.000000;0.809017,-0.000000,-0.587785;-0.587785,0.000000,-0.809017;0.600000,0.000000
x28=0.000000,0.020000,-0.000000;0.000000,1.000000,-0.000000;-0.309017,-0.000000,-0.951056;-0.951056,0.000000,0.309017;0.800000,0.000000
x29=-0.000000,0.020000,-0.000000;-0.000000,1.000000,-0.000000;-1.000000,0.000000,0.000000;0.000000,0.000000,1.000000;1.000000,0.000000
bTransparent=0
bHasMaterial=1
idMaterial=152
iGeos=0
iEmitters=0
[M152]
bSwitchTick=1
bSwitchDraw=1
eKindSub=0
acName=MDrops
eTranparencyKind=C
mColor=1.000000,0.000000,0.000000,0.000000,0.000000,1.000000,0.000000,0.000000,0.000000,0.000000,1.000000,0.000000,0.000000,0.000000,0.000000,1.000000
colorSSS=0.000000,0.000000,0.000000,0.000000
fGlowSharpness=1.000000
fDiffuseSharpness=1.000000
fSpecularSharpness=25.000000
fHazeStrength=0.100000
fBumpStrength=1.000000
fHeightStrength=1.000000
fGlowStrength=1.000000
fSpecularStrength=1.000000
frFresnel=0.000000
fRefractionRatio=0.752000
frTransparency=0.780000
frTransparencyEdge=340282346638528859811704183484516925440.000000
bDistributed=1
fAbsoluteThickness=1.000000
fBRDFReflectance=1.000000
fRimLightStr=1.000000
fEnvironmentInt=1.000000
fRoughness=0.200000
fIOR=0.040000
fSpecular=0.500000
fSpecularTint=0.000000
fMetallic=0.000000
fSubsurface=0.000000
fAnistropic=0.000000
fSheen=0.000000
fSheenTint=0.000000
fClearCoat=0.000000
fClearCoatGloss=1.000000
iFlagsDiffuse=1
iFlagsGlow=0
iFlagsSpecular=1
iFlagsBump=0
iFlagsEnvironment=1
iFlagsPOM=1
iFlagsSSS=0
iFlagsReflectionMap=0
iFlagsPosprocessing=2
bShading=1
bAni=0
bBot=0
ixPics=1
iyPics=1
fFps=20.000000
eTextureAddressMode=W
bDiffuse=1
bBump=0
bGlow=0
bSpecular=1
bEnvironment=1
bHeight=1
bThickness=0
idDiffuse=223
idSpecular=221
idEnvironment=225
idHeight=219
iEmitters=0
[T223]
bSwitchTick=1
bSwitchDraw=1
eKindSub=0
acName=
eKindTexture=D
pimage=1
idI=222
[I222]
bSwitchTick=1
bSwitchDraw=1
eKindSub=0
acName=
acPath=.\..\..\Lib\Emitters\Drops\DropsD.jpg
[T221]
bSwitchTick=1
bSwitchDraw=1
eKindSub=0
acName=
eKindTexture=S
pimage=1
idI=220
[I220]
bSwitchTick=1
bSwitchDraw=1
eKindSub=0
acName=
acPath=.\..\..\Lib\Emitters\Drops\DropsS.jpg
[T225]
bSwitchTick=1
bSwitchDraw=1
eKindSub=0
acName=
eKindTexture=E
pimage=1
idI=224
[I224]
bSwitchTick=1
bSwitchDraw=1
eKindSub=0
acName=
acPath=textures\ENV.jpg
[T219]
bSwitchTick=1
bSwitchDraw=1
eKindSub=0
acName=
eKindTexture=H
pimage=1
idI=218
[I218]
bSwitchTick=1
bSwitchDraw=1
eKindSub=0
acName=
acPath=.\..\..\Lib\Emitters\Drops\DropsH.jpg
